61
21
35
28
16
28
32
36
16
28
15
15
27
14
19
53
74
74
21
28
39
31
65
28
24
124
32
127
127
127
127
127
127
127
127
127
127
127
127
127
127
127
127
127
15
16
14
19
26
16
28
27
16
17
15
38
15
21
72
13
32
15
19
15
17
15
15
16
18
16
21
41
19
24
36
18
26
35
29
15
26
17
62
26
21
79
16
28
16
16
75
14
79
117
15
24
16
17
64
17
20
15
21
25
16
18
20
35
17
17
28
28
15
64
15
26
16
15
43
17
71
22
70
20
15
17
25
74
74
74
74
76
73
73
75
29
121
28
17
75
52
67
73
34
40
28
72
34
74
24
16
64
16
15
64
35
50
21
17
25
16
16
28
22
43
25
83
33
18
35
18
25
107
49
20
28
16
33
29
26
21
17
27
25
29
42
16
14
15
32
42
26
84
15
15
15
18
16
19
53
16
20
17
20
29
16
16
33
20
35
90
14
56
31
28
19
23
24
15
18
28
14
29
26
19
17
23
15
25
35
50
19
15
38
16
73
58
22
16
15
25
26
53
24
90
14
56
15
25
19
28
38
22
16
19
19
32
26
90
19
17
15
28
28
29
37
28
15
19
15
15
17
26
24
22
28
51
30
16
35
30
14
19
28
15
35
19
28
90
15
25
28
17
28
29
14
28
19
25
89
35
77
14
15
33
19
15
25
35
15
19
19
35
21
16
18
42
15
34
17
15
52
14
50
80
23
20
44
22
15
28
16
62
22
17
33
22
16
16
15
354
242
14
30
16
16
20
37
15
94
31
53
16
14
18
17
24
75
14
17
22
19
23
26
37
15
33
33
25
25
37
