0
262144
524288
786432
1048576
1310720
1572864
1835008
2097152
2359296
2621440
2883584
3145728
3407872
3670016
3932160
4194304
4456448
4718592
4980736
5242880
5505024
5767168
6029312
6291456
6553600
6815744
7077888
7340032
7602176
7864320
8126464
8388608
8650752
8912896
9175040
9437184
9699328
9961472
10223616
10485760
10747904
11010048
11272192
11534336
11796480
12058624
12320768
12582912
12845056
13107200
13369344
13631488
13893632
14155776
14417920
14680064
14942208
15204352
15466496
15728640
15990784
16252928
16515072
16777216
17039360
17301504
17563648
17825792
18087936
18350080
18612224
18874368
19136512
19398656
19660800
19922944
20185088
20447232
20709376
20971520
21233664
21495808
21757952
22020096
22282240
22544384
22806528
23068672
23330816
23592960
23855104
24117248
24379392
24641536
24903680
25165824
25427968
25690112
25952256
26214400
26476544
26738688
27000832
27262976
27525120
27787264
28049408
28311552
28573696
28835840
29097984
29360128
29622272
29884416
30146560
30408704
30670848
30932992
31195136
31457280
31719424
31981568
32243712
32505856
32768000
33030144
33292288
33554432
33816576
34078720
34340864
34603008
34865152
35127296
35389440
35651584
35913728
36175872
36438016
36700160
36962304
37224448
37486592
37748736
38010880
38273024
38535168
38797312
39059456
39321600
39583744
39845888
40108032
40370176
40632320
40894464
41156608
41418752
41680896
41943040
42205184
42467328
42729472
42991616
43253760
43515904
43778048
44040192
44302336
44564480
44826624
45088768
45350912
45613056
45875200
46137344
46399488
46661632
46923776
47185920
47448064
47710208
47972352
48234496
48496640
48758784
49020928
49283072
49545216
49807360
50069504
50331648
50593792
50855936
51118080
51380224
51642368
51904512
52166656
52428800
52690944
52953088
53215232
53477376
53739520
54001664
54263808
54525952
54788096
55050240
55312384
55574528
55836672
56098816
56360960
56623104
56885248
57147392
57409536
57671680
57933824
58195968
58458112
58720256
58982400
59244544
59506688
59768832
60030976
60293120
60555264
60817408
61079552
61341696
61603840
61865984
62128128
62390272
62652416
62914560
63176704
63438848
63700992
63963136
64225280
64487424
64749568
65011712
65273856
65536000
65798144
66060288
66322432
66584576
66846720
67108864
67371008
67633152
67895296
68157440
68419584
68681728
68943872
69206016
69468160
69730304
69992448
70254592
70516736
70778880
71041024
71303168
71565312
71827456
72089600
72351744
72613888
72876032
73138176
73400320
73662464
73924608
74186752
74448896
74711040
74973184
75235328
75497472
75759616
76021760
76283904
76546048
76808192
77070336
77332480
77594624
77856768
78118912
78381056
78643200
78905344
79167488
79429632
79691776
79953920
80216064
80478208
80740352
81002496
81264640
81526784
81788928
82051072
82313216
82575360
82837504
83099648
83361792
83623936
83886080
84148224
84410368
84672512
84934656
85196800
85458944
85721088
85983232
86245376
86507520
86769664
87031808
87293952
87556096
87818240
88080384
88342528
88604672
88866816
89128960
89391104
89653248
89915392
90177536
90439680
90701824
90963968
91226112
91488256
91750400
92012544
92274688
92536832
92798976
93061120
93323264
93585408
93847552
94109696
94371840
94633984
94896128
95158272
95420416
95682560
95944704
96206848
96468992
96731136
96993280
97255424
